0.00 0.00
0.21 0.03
0.42 0.02
0.64 0.03
0.86 0.03
1.07 0.04
1.28 0.06
1.50 0.04
1.72 0.05
1.92 0.05
2.13 0.05
2.33 0.07
2.54 0.08
2.74 0.08
2.96 0.08
3.16 0.13
3.36 0.08
3.57 0.07
3.77 0.06
3.97 0.11
4.18 0.09
4.40 0.10
4.62 0.11
4.82 0.11
5.02 0.12
5.23 0.10
5.43 0.12
5.65 0.13
5.86 0.14
6.08 0.11
6.29 0.12
6.49 0.16
6.70 0.14
6.91 0.15
7.11 0.17
7.31 0.16
7.52 0.17
7.72 0.18
7.92 0.17
8.15 0.17
8.35 0.18
8.56 0.18
8.76 0.15
8.97 0.15
9.18 0.18
9.38 0.19
9.60 0.18
9.82 0.20
10.02 0.21
10.23 0.19
10.43 0.20
10.63 0.20
10.85 0.19
11.07 0.20
11.27 0.21
11.47 0.29
11.68 0.25
11.83 0.04
11.97 -0.11
12.12 -0.37
12.28 -0.51
12.40 -0.77
12.58 -0.88
12.67 -1.14
12.85 -1.24
12.96 -1.51
13.13 -1.61
13.24 -1.82
13.38 -1.96
13.53 -2.22
13.66 -2.37
13.82 -2.60
13.98 -2.71
14.09 -2.96
14.27 -3.06
14.38 -3.32
14.53 -3.46
14.66 -3.69
14.75 -3.87
14.86 -4.06
15.02 -4.19
15.13 -4.48
15.31 -4.57
15.42 -4.80
15.60 -5.01
15.75 -5.15
15.88 -5.45
16.04 -5.58
16.16 -5.83
16.33 -5.95
16.44 -6.20
16.60 -6.33
16.73 -6.62
16.88 -6.74
17.02 -6.95
17.20 -7.20
17.35 -7.35
17.47 -7.64
17.65 -7.77
17.76 -8.00
17.96 -8.21
18.13 -8.32
18.24 -8.65
18.37 -8.79
18.52 -9.00
18.68 -9.14
18.80 -9.39
18.97 -9.50
19.08 -9.78
19.26 -9.87
19.37 -10.11
19.55 -10.38
19.70 -10.52
19.83 -10.72
19.99 -10.86
20.12 -11.13
20.29 -11.25
20.40 -11.50
20.57 -11.61
20.66 -11.79
20.77 -12.03
20.95 -12.14
21.06 -12.40
21.22 -13.23
21.28 -14.49
21.33 -15.38
21.42 -15.69
21.61 -15.76
21.82 -15.71
22.02 -15.72
22.23 -15.74
22.45 -15.75
22.66 -15.75
22.86 -15.71
23.07 -15.72
23.28 -15.67
23.50 -15.68
23.71 -15.70
23.93 -15.71
24.14 -15.76
24.36 -15.76
24.56 -15.68
24.76 -15.73
24.96 -15.76
25.16 -15.73
25.37 -15.72
25.58 -15.69
25.79 -15.70
26.01 -15.72
26.22 -15.71
26.43 -15.69
26.64 -15.69
26.86 -15.68
27.06 -15.72
27.26 -15.69
27.46 -15.71
27.68 -15.68
27.89 -15.55
28.04 -14.42
28.20 -12.47
28.35 -11.42
28.55 -11.36
28.67 -11.08
28.78 -10.81
28.89 -10.58
29.05 -10.44
29.20 -10.14
29.30 -9.96
29.46 -9.84
29.62 -9.63
29.79 -9.50
29.94 -9.14
30.04 -8.93
30.17 -8.77
30.30 -8.61
30.43 -8.44
30.57 -8.27
30.68 -8.10
30.78 -7.90
30.89 -7.73
31.05 -7.60
31.20 -7.35
31.30 -7.16
31.41 -6.96
31.56 -6.82
31.66 -6.64
31.74 -6.42
31.85 -6.24
31.99 -6.09
32.17 -5.91
32.28 -5.69
32.39 -5.47
32.51 -5.31
32.67 -5.19
32.80 -4.92
32.91 -4.72
33.05 -4.56
33.20 -4.40
33.32 -4.15
33.48 -4.01
33.56 -3.82
33.66 -3.65
33.80 -3.50
33.95 -3.21
34.08 -3.06
34.21 -2.89
34.32 -2.72
34.47 -2.57
34.60 -2.27
34.72 -2.11
34.87 -1.96
34.99 -1.80
35.12 -1.52
35.24 -1.35
35.39 -1.20
35.52 -1.04
35.65 -0.83
35.81 -0.69
35.96 -0.41
36.07 -0.21
36.18 0.01
36.37 0.12
36.56 0.06
36.78 0.05
37.00 0.05
37.20 0.03
37.41 0.05
37.62 0.02
37.83 0.05
38.04 0.07
38.24 0.07
38.46 0.05
38.67 0.04
38.87 0.04
39.08 0.05
39.29 0.05
39.49 0.03
39.70 0.03
39.90 0.03
40.12 0.07
40.34 0.07
40.54 0.04
40.75 0.03
40.97 0.07
41.18 0.04
41.39 0.05
41.59 0.06
41.79 0.04
41.99 0.08
42.21 0.05
42.41 -0.00
42.59 0.10
42.81 0.07
43.01 0.04
43.22 0.03
43.42 0.02
43.61 0.08
43.82 0.03
44.02 0.08
44.22 0.02
