885.42 -470.10 421.94
885.42 -470.12 421.73
885.43 -470.12 421.52
885.45 -470.16 421.23
885.47 -470.08 421.04
885.49 -470.15 420.77
885.49 -470.08 420.58
885.51 -470.15 420.27
885.52 -470.08 420.07
885.53 -470.17 419.77
885.55 -470.08 419.58
885.57 -470.14 419.31
885.58 -470.07 419.11
885.60 -470.17 418.79
885.61 -470.14 418.59
885.63 -470.20 418.28
885.63 -470.12 418.10
885.65 -470.18 417.85
885.66 -470.10 417.66
885.68 -470.14 417.41
885.68 -470.08 417.21
885.71 -470.15 416.94
885.72 -470.13 416.74
885.73 -470.16 416.46
885.73 -470.07 416.26
885.75 -470.13 415.99
885.76 -470.06 415.80
885.78 -470.13 415.51
885.79 -470.16 415.30
885.80 -470.15 415.09
885.83 -470.18 414.82
885.85 -470.11 414.62
885.86 -470.18 414.36
885.87 -470.12 414.11
885.89 -470.11 413.81
885.90 -470.14 413.61
885.91 -470.12 413.41
885.92 -470.14 413.11
885.92 -470.13 412.91
885.95 -470.17 412.61
885.96 -470.10 412.41
885.98 -470.18 412.08
886.00 -470.15 411.81
886.03 -470.17 411.49
886.04 -470.15 411.29
886.05 -470.18 410.98
886.06 -470.09 410.79
886.09 -470.17 410.51
886.09 -470.14 410.30
886.11 -470.19 410.03
886.12 -470.14 409.83
886.13 -470.13 409.63
886.15 -470.09 409.43
886.16 -470.17 409.11
886.17 -470.12 408.90
886.18 -470.16 408.63
886.20 -470.09 408.43
886.21 -470.16 408.13
886.22 -470.13 407.92
886.24 -470.17 407.62
886.25 -470.12 407.43
886.27 -470.17 407.16
886.28 -470.12 406.97
886.29 -470.21 406.65
886.32 -470.20 406.37
886.35 -470.18 406.08
886.35 -470.16 405.87
886.35 -470.15 405.67
886.37 -470.20 405.42
886.38 -470.19 405.22
886.39 -470.15 405.02
886.40 -470.19 404.74
886.41 -470.10 404.54
886.43 -470.20 404.23
886.45 -470.16 404.02
886.46 -470.21 403.75
886.47 -470.15 403.56
886.49 -470.21 403.30
886.50 -470.14 403.10
886.51 -470.19 402.82
886.52 -470.11 402.63
886.54 -470.21 402.33
886.56 -470.19 402.13
886.59 -470.27 401.81
886.60 -470.24 401.61
886.62 -470.24 401.33
886.63 -470.20 401.13
886.65 -470.29 400.80
886.65 -470.24 400.60
886.66 -470.25 400.36
886.67 -470.18 400.17
886.69 -470.26 399.89
886.71 -470.22 399.69
886.72 -470.27 399.40
886.73 -470.20 399.21
886.75 -470.26 398.95
886.75 -470.20 398.75
886.77 -470.27 398.46
886.78 -470.19 398.27
886.80 -470.26 397.97
886.82 -470.26 397.66
886.83 -470.23 397.46
886.85 -470.28 397.17
886.86 -470.24 396.96
886.88 -470.32 396.64
886.90 -470.26 396.45
886.91 -470.31 396.16
886.93 -470.26 395.96
886.94 -470.30 395.69
886.95 -470.26 395.49
886.97 -470.33 395.19
886.98 -470.28 394.99
886.99 -470.30 394.75
887.00 -470.16 394.60
887.08 -470.94 393.46
887.38 -473.74 389.77
887.59 -475.81 387.00
887.59 -475.61 386.94
887.58 -475.37 386.94
887.58 -475.17 386.90
887.57 -474.96 386.97
887.57 -474.77 386.93
887.56 -474.56 386.93
887.55 -474.33 386.95
887.53 -474.08 386.94
887.53 -473.88 386.91
887.52 -473.67 386.99
887.51 -473.42 386.98
887.51 -473.19 386.95
887.52 -472.99 386.93
887.51 -472.79 386.98
887.50 -472.55 386.98
887.50 -472.33 386.94
887.49 -472.13 387.02
887.49 -471.88 387.02
887.48 -471.68 386.99
887.48 -471.48 387.00
887.47 -471.27 387.01
887.46 -471.03 387.02
887.45 -470.82 386.97
887.44 -470.62 387.02
887.44 -470.42 386.99
887.43 -470.20 387.06
887.42 -469.99 387.00
887.42 -469.80 387.05
887.41 -469.54 387.06
887.41 -469.34 387.03
887.41 -469.13 387.01
887.39 -468.92 387.05
887.39 -468.66 387.09
887.39 -468.43 387.09
887.38 -468.20 387.05
887.38 -467.99 387.00
887.37 -467.77 387.08
887.37 -467.56 387.03
887.36 -467.36 387.09
887.35 -467.17 387.05
887.35 -466.98 387.12
887.35 -466.77 387.08
887.34 -466.56 387.09
887.33 -466.32 387.11
887.33 -466.08 387.11
887.32 -465.86 387.09
887.31 -465.65 387.11
887.29 -465.42 387.13
887.29 -465.18 387.13
887.28 -464.94 387.12
887.28 -464.74 387.08
887.27 -464.54 387.14
887.27 -464.29 387.16
887.27 -464.09 387.11
887.26 -463.88 387.15
887.24 -463.63 387.16
887.24 -463.43 387.15
887.23 -463.21 387.17
887.22 -462.97 387.19
887.22 -462.72 387.20
887.21 -462.51 387.16
887.21 -462.31 387.21
887.20 -462.12 387.15
887.19 -461.91 387.22
887.19 -461.68 387.23
887.20 -461.48 387.21
887.19 -461.26 387.19
887.17 -461.05 387.23
887.17 -460.80 387.23
887.17 -460.60 387.18
887.16 -460.40 387.24
887.16 -460.20 387.19
887.15 -459.99 387.26
887.15 -459.79 387.23
887.14 -459.58 387.24
887.13 -459.33 387.28
887.12 -459.13 387.25
887.12 -458.93 387.22
887.10 -458.72 387.25
887.10 -458.48 387.25
887.09 -458.20 387.29
887.09 -458.00 387.27
887.09 -457.79 387.23
887.07 -457.54 387.32
887.06 -457.33 387.31
887.07 -457.13 387.31
887.06 -456.93 387.30
887.05 -456.70 387.30
887.05 -456.49 387.26
887.05 -456.28 387.30
887.04 -456.01 387.35
887.03 -455.80 387.36
887.02 -455.60 387.36
887.01 -455.36 387.36
887.01 -455.16 387.33
887.00 -454.95 387.36
886.99 -454.75 387.35
886.99 -454.55 387.39
886.98 -454.31 387.40
886.97 -454.12 387.35
886.97 -453.92 387.37
886.96 -453.67 387.39
886.96 -453.47 387.36
886.95 -453.26 387.40
886.95 -453.07 387.36
886.94 -452.86 387.39
886.94 -452.64 387.43
886.93 -452.43 387.39
886.92 -452.22 387.36
886.91 -452.00 387.41
886.91 -451.80 387.39
886.90 -451.59 387.42
886.88 -451.34 387.46
886.89 -451.12 387.44
886.90 -450.93 387.37
886.89 -450.73 387.43
886.89 -450.53 387.39
886.88 -450.32 387.43
886.87 -450.10 387.43
886.86 -449.90 387.39
886.85 -449.69 387.45
886.84 -449.46 387.43
886.84 -449.25 387.40
886.83 -449.05 387.47
886.82 -448.81 387.46
886.82 -448.61 387.44
886.82 -448.40 387.47
886.81 -448.15 387.47
886.81 -447.95 387.43
886.80 -447.74 387.46
886.79 -447.50 387.47
886.79 -447.25 387.49
886.78 -446.99 387.48
886.78 -446.79 387.46
886.78 -446.59 387.50
886.77 -446.36 387.50
886.76 -446.13 387.49
886.75 -445.92 387.44
886.75 -445.71 387.51
886.75 -445.50 387.47
886.73 -445.29 387.50
886.72 -445.04 387.52
886.72 -444.81 387.51
886.70 -444.55 387.52
886.69 -444.30 387.52
886.69 -444.05 387.54
886.69 -443.83 387.52
886.68 -443.63 387.59
886.68 -443.39 387.55
886.66 -443.15 387.56
886.66 -442.95 387.52
886.65 -442.75 387.55
886.65 -442.54 387.51
886.64 -442.35 387.54
886.64 -442.11 387.56
886.63 -441.88 387.54
886.62 -441.66 387.50
886.61 -441.46 387.58
886.61 -441.21 387.58
886.60 -441.01 387.53
886.59 -440.81 387.56
886.59 -440.56 387.60
886.60 -440.36 387.55
886.59 -440.14 387.58
886.58 -439.89 387.62
886.57 -439.69 387.58
886.57 -439.48 387.61
886.57 -439.27 387.63
886.56 -439.03 387.60
886.56 -438.82 387.56
886.55 -438.62 387.63
886.56 -438.50 387.46
886.57 -438.44 387.26
886.58 -438.50 386.99
886.60 -438.47 386.71
886.60 -438.42 386.50
886.61 -438.47 386.22
886.63 -438.44 385.94
886.63 -438.37 385.75
886.65 -438.41 385.51
886.66 -438.38 385.32
886.69 -438.42 385.02
886.70 -438.35 384.82
886.71 -438.40 384.58
886.74 -438.37 384.31
886.75 -438.31 384.12
886.76 -438.39 383.80
886.77 -438.31 383.61
886.79 -438.38 383.33
886.80 -438.32 383.13
886.80 -438.33 382.89
886.82 -438.34 382.59
