884.81 -470.01 432.56
884.82 -470.02 432.32
884.83 -470.01 432.12
884.84 -469.97 431.92
884.85 -469.98 431.71
884.88 -470.05 431.38
884.90 -470.08 431.17
884.91 -470.00 430.97
884.93 -470.09 430.66
884.95 -470.04 430.46
884.97 -470.11 430.16
884.98 -470.03 429.97
885.00 -470.08 429.72
885.01 -470.05 429.52
885.02 -470.09 429.32
885.03 -470.07 429.12
885.05 -470.12 428.87
885.05 -470.06 428.67
885.07 -470.11 428.40
885.09 -470.11 428.10
885.10 -470.06 427.90
885.12 -470.11 427.63
885.14 -470.12 427.32
885.16 -470.10 427.02
885.17 -470.06 426.81
885.19 -470.10 426.54
885.20 -470.03 426.35
885.22 -470.12 426.04
885.22 -470.08 425.82
885.24 -470.15 425.52
885.25 -470.08 425.31
885.27 -470.13 425.06
885.27 -470.11 424.86
885.28 -470.14 424.56
885.30 -470.06 424.38
885.32 -470.12 424.12
885.33 -470.10 423.92
885.34 -470.09 423.71
885.35 -470.12 423.49
885.37 -470.11 423.19
885.39 -470.06 422.99
885.41 -470.11 422.70
885.42 -470.03 422.50
885.44 -470.11 422.22
885.46 -470.11 421.92
885.47 -470.12 421.70
885.48 -470.08 421.50
885.50 -470.15 421.22
885.51 -470.12 420.95
885.52 -470.06 420.75
885.53 -470.12 420.44
885.54 -470.05 420.25
885.56 -470.13 419.95
885.57 -470.08 419.74
885.59 -470.14 419.46
885.60 -470.07 419.27
885.62 -470.13 418.96
885.63 -470.10 418.76
885.65 -470.17 418.45
885.66 -470.11 418.25
885.68 -470.18 417.97
885.69 -470.11 417.78
885.70 -470.15 417.55
885.72 -470.08 417.36
885.73 -470.14 417.08
885.75 -470.08 416.87
885.77 -470.17 416.57
885.76 -470.09 416.38
885.78 -470.14 416.12
885.79 -470.07 415.92
885.81 -470.13 415.64
885.82 -470.11 415.44
885.83 -470.14 415.24
885.85 -470.18 414.94
885.88 -470.19 414.62
885.89 -470.12 414.44
885.90 -470.15 414.21
885.92 -470.11 413.95
885.93 -470.09 413.74
885.94 -470.12 413.54
885.95 -470.14 413.24
885.95 -470.13 413.04
885.97 -470.17 412.74
885.99 -470.09 412.54
886.01 -470.17 412.23
886.02 -470.14 412.03
886.04 -470.17 411.77
886.06 -470.10 411.58
886.08 -470.20 411.27
886.08 -470.15 411.07
886.10 -470.18 410.80
886.11 -470.11 410.59
886.13 -470.21 410.30
886.14 -470.13 410.10
886.16 -470.20 409.83
886.18 -470.16 409.57
886.19 -470.12 409.38
886.20 -470.19 409.06
886.20 -470.15 408.85
886.22 -470.18 408.58
886.23 -470.12 408.38
886.25 -470.18 408.07
886.26 -470.14 407.87
886.28 -470.20 407.56
886.30 -470.20 407.27
886.31 -470.12 407.08
886.32 -470.22 406.77
886.35 -470.21 406.48
886.38 -470.20 406.19
886.38 -470.13 405.99
886.40 -470.23 405.68
886.40 -470.14 405.50
886.42 -470.21 405.20
886.43 -470.18 405.00
886.44 -470.19 404.71
886.45 -470.14 404.51
886.48 -470.20 404.21
886.49 -470.15 404.00
886.50 -470.21 403.74
886.51 -470.18 403.46
886.52 -470.12 403.26
886.54 -470.20 402.97
886.55 -470.14 402.77
886.57 -470.18 402.49
886.59 -470.13 402.29
886.61 -470.26 401.96
886.62 -470.21 401.76
886.64 -470.23 401.49
886.65 -470.14 401.30
886.68 -470.25 400.99
886.69 -470.23 400.79
886.70 -470.23 400.53
886.70 -470.15 400.35
886.71 -470.21 400.07
886.72 -470.18 399.87
886.75 -470.25 399.56
886.76 -470.18 399.36
886.78 -470.26 399.08
886.79 -470.21 398.88
886.80 -470.24 398.63
886.81 -470.24 398.33
886.82 -470.20 398.13
886.85 -470.23 397.84
886.86 -470.17 397.64
886.88 -470.26 397.33
886.88 -470.20 397.13
886.91 -470.28 396.83
886.92 -470.23 396.63
886.94 -470.29 396.32
886.95 -470.23 396.12
886.97 -470.28 395.84
886.99 -470.28 395.52
887.00 -470.29 395.32
887.00 -470.26 395.12
887.02 -470.31 394.87
887.03 -470.25 394.67
887.04 -470.15 394.49
887.11 -470.76 393.66
887.39 -473.55 389.99
887.63 -475.81 386.99
887.63 -475.61 386.92
887.62 -475.37 386.90
887.61 -475.12 386.92
887.61 -474.92 386.88
887.61 -474.71 386.92
887.60 -474.49 386.90
887.59 -474.29 386.88
887.57 -474.07 386.93
887.57 -473.86 386.91
887.56 -473.65 386.94
887.55 -473.44 386.93
887.56 -473.20 386.92
887.55 -472.94 386.95
887.55 -472.74 386.90
887.54 -472.54 386.95
887.54 -472.34 386.93
887.53 -472.13 387.00
887.52 -471.89 386.99
887.52 -471.68 386.96
887.52 -471.47 386.98
887.51 -471.26 387.00
887.50 -471.03 387.00
887.49 -470.82 386.94
887.48 -470.61 387.00
887.48 -470.41 386.97
887.47 -470.20 387.03
887.46 -470.00 386.97
887.46 -469.79 387.00
887.45 -469.52 387.05
887.45 -469.29 387.05
887.44 -469.03 387.04
887.44 -468.77 387.06
887.43 -468.54 387.09
887.43 -468.32 387.04
887.43 -468.12 386.99
887.41 -467.91 387.06
887.41 -467.71 387.03
887.41 -467.49 387.08
887.40 -467.28 387.04
887.39 -467.08 387.07
887.38 -466.83 387.11
887.38 -466.58 387.09
887.38 -466.33 387.08
887.36 -466.06 387.10
887.35 -465.81 387.11
887.34 -465.55 387.11
887.33 -465.30 387.11
887.33 -465.05 387.11
887.33 -464.86 387.07
887.32 -464.66 387.13
887.31 -464.40 387.13
887.31 -464.15 387.13
887.30 -463.96 387.09
887.29 -463.75 387.15
887.28 -463.49 387.17
887.27 -463.25 387.16
887.27 -463.05 387.11
887.25 -462.86 387.17
887.26 -462.66 387.12
887.25 -462.45 387.18
887.24 -462.19 387.16
887.24 -461.99 387.14
887.23 -461.79 387.19
887.24 -461.55 387.22
887.24 -461.35 387.18
887.23 -461.14 387.15
887.21 -460.93 387.20
887.21 -460.72 387.16
887.20 -460.52 387.19
887.19 -460.25 387.20
887.19 -460.05 387.19
887.19 -459.86 387.25
887.18 -459.61 387.25
887.17 -459.41 387.21
887.16 -459.21 387.28
887.15 -458.98 387.22
887.15 -458.78 387.19
887.14 -458.57 387.22
887.13 -458.33 387.25
887.13 -458.08 387.27
887.13 -457.83 387.25
887.12 -457.63 387.21
887.11 -457.41 387.30
887.11 -457.20 387.28
887.10 -456.96 387.27
887.10 -456.71 387.26
887.10 -456.50 387.23
887.09 -456.29 387.27
887.08 -456.03 387.31
887.07 -455.82 387.30
887.06 -455.62 387.33
887.05 -455.38 387.32
887.05 -455.18 387.29
887.04 -454.97 387.33
887.04 -454.76 387.30
887.03 -454.55 387.30
887.02 -454.33 387.36
887.02 -454.13 387.31
887.01 -453.92 387.36
887.01 -453.72 387.33
887.01 -453.51 387.33
887.00 -453.28 387.37
886.99 -453.08 387.32
886.99 -452.87 387.36
886.98 -452.65 387.39
886.97 -452.46 387.33
886.96 -452.25 387.33
886.95 -452.01 387.38
886.94 -451.75 387.40
886.93 -451.54 387.37
886.93 -451.34 387.39
886.93 -451.13 387.39
886.94 -450.93 387.34
886.93 -450.73 387.37
886.93 -450.48 387.40
886.92 -450.22 387.41
886.90 -449.97 387.41
886.90 -449.76 387.37
886.89 -449.56 387.40
886.88 -449.32 387.42
886.87 -449.07 387.43
886.86 -448.87 387.38
886.86 -448.66 387.40
886.86 -448.41 387.44
886.86 -448.22 387.39
886.85 -448.01 387.42
886.84 -447.75 387.44
886.84 -447.56 387.41
886.84 -447.35 387.43
886.82 -447.13 387.45
886.83 -446.88 387.45
886.82 -446.68 387.42
886.82 -446.48 387.46
886.80 -446.26 387.46
886.80 -446.05 387.41
886.79 -445.83 387.49
886.79 -445.63 387.47
886.78 -445.42 387.48
886.77 -445.18 387.49
886.76 -444.95 387.49
886.75 -444.69 387.49
886.74 -444.44 387.49
886.73 -444.19 387.49
886.74 -443.98 387.48
886.73 -443.76 387.52
886.72 -443.52 387.52
886.71 -443.29 387.51
886.71 -443.09 387.48
886.70 -442.88 387.51
886.69 -442.65 387.49
886.69 -442.45 387.48
886.68 -442.24 387.53
886.68 -442.00 387.52
886.68 -441.81 387.46
886.66 -441.62 387.52
886.66 -441.41 387.50
886.65 -441.20 387.54
886.64 -440.97 387.52
886.63 -440.77 387.49
886.63 -440.56 387.54
886.64 -440.29 387.57
886.63 -440.04 387.58
886.62 -439.79 387.57
886.61 -439.52 387.59
886.61 -439.29 387.60
886.61 -439.06 387.55
886.61 -438.85 387.52
886.60 -438.61 387.62
886.60 -438.45 387.47
886.61 -438.48 387.15
886.61 -438.41 386.96
886.63 -438.46 386.68
886.64 -438.43 386.47
886.65 -438.46 386.22
886.65 -438.36 386.04
886.67 -438.42 385.80
886.69 -438.37 385.61
886.71 -438.40 385.34
886.72 -438.33 385.14
886.74 -438.39 384.88
886.74 -438.32 384.69
886.77 -438.37 384.44
886.79 -438.34 384.15
886.79 -438.29 383.95
886.81 -438.35 383.65
886.82 -438.27 383.46
886.83 -438.35 383.17
886.84 -438.26 382.98
886.86 -438.30 382.74
886.86 -438.25 382.54
886.88 -438.31 382.26
886.89 -438.23 382.07
886.91 -438.29 381.82
886.93 -438.27 381.55
886.94 -438.18 381.36
886.96 -438.27 381.07
886.96 -438.19 380.88
886.98 -438.25 380.60
886.99 -438.20 380.40
887.01 -438.25 380.11
887.01 -438.18 379.92
887.02 -438.25 379.60
887.04 -438.21 379.33
887.07 -438.21 379.04
887.07 -438.17 378.84
887.09 -438.22 378.56
887.10 -438.16 378.36
887.12 -438.19 378.10
887.14 -438.19 377.79
887.14 -438.19 377.59
887.15 -438.23 377.31
