788.56 -438.95 440.03
788.57 -438.96 439.81
788.59 -438.90 439.62
788.60 -438.97 439.31
788.61 -438.96 439.11
788.62 -438.96 438.82
788.63 -438.90 438.63
788.64 -438.90 438.40
788.65 -438.90 438.19
788.67 -438.95 437.93
788.69 -438.89 437.73
788.71 -438.95 437.48
788.72 -438.94 437.19
788.74 -438.87 437.00
788.75 -438.93 436.75
788.77 -438.87 436.55
788.78 -438.92 436.31
788.80 -438.92 436.04
788.81 -438.86 435.85
788.82 -438.92 435.59
788.82 -438.85 435.39
788.84 -438.88 435.17
788.85 -438.84 434.97
788.87 -438.88 434.69
788.87 -438.81 434.49
788.89 -438.89 434.22
788.91 -438.88 433.94
788.92 -438.80 433.74
788.93 -438.86 433.50
788.94 -438.80 433.29
788.96 -438.85 433.06
788.96 -438.79 432.87
788.98 -438.86 432.61
788.99 -438.79 432.41
789.01 -438.86 432.17
789.02 -438.85 431.88
789.03 -438.79 431.68
789.04 -438.83 431.42
789.05 -438.75 431.23
789.07 -438.84 430.94
789.08 -438.79 430.74
789.09 -438.80 430.53
789.11 -438.80 430.27
789.12 -438.72 430.08
789.13 -438.80 429.81
789.14 -438.72 429.61
789.15 -438.76 429.37
789.16 -438.71 429.17
789.18 -438.79 428.92
789.20 -438.76 428.64
789.20 -438.70 428.44
789.22 -438.76 428.19
789.22 -438.67 428.00
789.24 -438.71 427.79
789.25 -438.68 427.51
789.25 -438.69 427.31
789.27 -438.69 427.03
789.29 -438.69 426.75
789.31 -438.62 426.55
789.32 -438.72 426.25
789.34 -438.69 426.01
789.36 -438.67 425.73
789.38 -438.67 425.44
789.39 -438.66 425.15
789.40 -438.59 424.95
789.42 -438.65 424.69
789.42 -438.58 424.49
789.43 -438.63 424.26
789.43 -438.57 424.05
789.45 -438.66 423.76
789.46 -438.57 423.57
789.48 -438.61 423.34
789.50 -438.61 423.05
789.51 -438.55 422.86
789.52 -438.58 422.63
789.52 -438.50 422.45
789.54 -438.55 422.22
789.56 -438.55 421.92
789.58 -438.51 421.73
789.60 -438.56 421.48
789.61 -438.55 421.20
789.63 -438.54 420.93
789.63 -438.51 420.72
789.64 -438.53 420.47
789.65 -438.49 420.27
789.67 -438.51 419.99
789.67 -438.44 419.79
789.68 -438.48 419.55
789.71 -438.50 419.25
789.71 -438.44 419.06
789.72 -438.47 418.83
789.73 -438.43 418.63
789.75 -438.46 418.39
789.76 -438.39 418.19
789.77 -438.43 417.95
789.79 -438.45 417.66
789.81 -438.44 417.39
789.83 -438.41 417.12
789.84 -438.36 416.92
789.85 -438.40 416.65
789.86 -438.38 416.37
789.87 -438.31 416.17
789.88 -438.35 415.91
789.90 -438.37 415.61
789.92 -438.36 415.33
789.93 -438.28 415.14
789.95 -438.35 414.88
789.97 -438.33 414.62
789.97 -438.30 414.42
789.98 -438.32 414.17
789.99 -438.23 413.99
790.01 -438.31 413.73
790.03 -438.27 413.49
790.04 -438.19 413.29
790.05 -438.27 413.02
790.06 -438.23 412.75
790.07 -438.18 412.56
790.08 -438.21 412.30
790.09 -438.19 412.05
790.11 -438.18 411.77
790.12 -438.12 411.58
790.13 -438.16 411.35
790.15 -438.15 411.05
790.16 -438.13 410.80
790.18 -438.08 410.60
790.19 -438.13 410.31
790.21 -438.14 410.10
790.23 -438.13 409.86
790.23 -438.06 409.67
790.24 -438.13 409.40
790.26 -438.11 409.13
790.26 -438.04 408.94
790.27 -438.06 408.72
790.28 -438.08 408.51
790.30 -438.04 408.32
790.31 -438.12 408.05
790.32 -438.06 407.86
790.33 -438.10 407.62
790.34 -438.03 407.42
790.36 -438.14 407.12
790.38 -438.10 406.92
790.42 -438.43 406.31
790.57 -439.93 404.45
790.70 -441.22 402.81
790.70 -441.05 402.69
790.69 -440.79 402.72
790.69 -440.58 402.69
790.68 -440.37 402.71
790.68 -440.10 402.74
790.67 -439.90 402.69
790.66 -439.69 402.63
790.65 -439.48 402.71
790.65 -439.27 402.67
790.64 -439.05 402.74
790.64 -438.84 402.70
790.63 -438.63 402.73
790.62 -438.39 402.74
790.61 -438.18 402.72
790.60 -437.99 402.77
790.59 -437.74 402.75
790.59 -437.49 402.75
790.59 -437.29 402.69
790.58 -437.09 402.73
790.56 -436.85 402.74
790.55 -436.58 402.74
790.55 -436.38 402.71
790.54 -436.12 402.78
790.54 -435.92 402.73
790.53 -435.72 402.76
790.52 -435.47 402.78
790.51 -435.21 402.77
790.52 -435.01 402.73
790.51 -434.81 402.77
790.50 -434.61 402.72
790.49 -434.40 402.80
790.48 -434.13 402.80
790.48 -433.92 402.79
790.48 -433.71 402.75
790.47 -433.47 402.79
790.46 -433.26 402.82
790.46 -433.05 402.81
790.44 -432.79 402.84
790.43 -432.52 402.83
790.42 -432.32 402.82
790.42 -432.11 402.84
790.41 -431.89 402.81
790.40 -431.68 402.83
790.39 -431.45 402.86
790.38 -431.18 402.87
790.37 -430.98 402.81
790.36 -430.73 402.92
790.36 -430.50 402.90
790.36 -430.30 402.84
790.35 -430.10 402.87
790.34 -429.84 402.88
790.33 -429.64 402.84
790.32 -429.42 402.91
790.32 -429.21 402.86
790.31 -429.00 402.89
790.31 -428.76 402.93
790.30 -428.52 402.90
790.30 -428.32 402.88
790.28 -428.09 402.94
790.27 -427.83 402.95
790.27 -427.63 402.92
790.26 -427.42 402.95
790.26 -427.21 402.92
790.25 -427.00 402.98
790.25 -426.80 402.94
790.23 -426.59 402.99
790.23 -426.38 402.96
790.23 -426.17 402.93
790.22 -425.92 402.99
790.20 -425.68 402.98
790.20 -425.47 402.94
790.18 -425.25 403.03
790.18 -425.04 402.99
790.18 -424.84 402.97
790.18 -424.62 402.97
790.17 -424.43 403.03
790.16 -424.18 403.04
790.16 -423.99 402.97
790.14 -423.76 403.06
790.14 -423.53 403.02
790.14 -423.32 403.00
790.13 -423.12 403.01
790.12 -422.86 403.03
790.11 -422.64 403.01
790.11 -422.43 403.08
790.09 -422.17 403.06
790.08 -421.97 403.04
790.08 -421.77 403.07
790.07 -421.51 403.08
790.07 -421.31 403.06
790.05 -421.10 403.07
790.05 -420.90 403.03
790.04 -420.69 403.08
790.03 -420.49 403.04
790.03 -420.28 403.01
790.01 -420.04 403.09
790.01 -419.78 403.10
790.00 -419.52 403.11
789.99 -419.31 403.07
789.97 -419.09 403.13
789.97 -418.88 403.09
789.95 -418.68 403.12
789.95 -418.48 403.10
789.94 -418.25 403.15
789.94 -418.02 403.14
789.94 -417.81 403.10
789.94 -417.61 403.15
789.94 -417.35 403.17
789.94 -417.15 403.12
789.93 -416.94 403.16
789.92 -416.68 403.18
789.92 -416.47 403.13
789.91 -416.27 403.21
789.91 -416.02 403.18
789.90 -415.82 403.16
789.90 -415.61 403.19
789.89 -415.41 403.15
789.88 -415.20 403.22
789.86 -414.99 403.18
789.86 -414.78 403.21
789.85 -414.52 403.24
789.84 -414.32 403.20
789.83 -414.12 403.24
789.82 -413.85 403.25
789.81 -413.65 403.22
789.81 -413.45 403.20
789.79 -413.22 403.24
789.79 -413.00 403.21
789.79 -412.80 403.26
789.78 -412.53 403.28
789.77 -412.33 403.26
789.76 -412.11 403.32
