787.78 -458.79 405.56
787.79 -458.58 405.59
787.80 -458.37 405.58
787.81 -458.15 405.59
787.81 -457.93 405.59
787.82 -457.72 405.60
787.82 -457.51 405.62
787.83 -457.29 405.60
787.85 -457.07 405.61
787.85 -456.87 405.61
787.85 -456.66 405.61
787.86 -456.46 405.63
787.87 -456.25 405.64
787.88 -456.05 405.64
787.88 -455.83 405.64
787.89 -455.63 405.69
787.90 -455.43 405.64
787.91 -455.22 405.63
787.91 -455.02 405.62
787.91 -454.82 405.67
787.93 -454.61 405.65
787.94 -454.39 405.66
787.94 -454.17 405.67
787.95 -453.97 405.67
787.96 -453.77 405.69
787.97 -453.56 405.67
787.96 -453.36 405.69
787.97 -453.14 405.70
787.99 -452.93 405.71
787.99 -452.71 405.68
788.00 -452.50 405.69
788.00 -452.30 405.73
788.01 -452.09 405.71
788.02 -451.88 405.72
788.03 -451.68 405.74
788.04 -451.48 405.73
788.05 -451.27 405.74
788.05 -451.07 405.75
788.06 -450.87 405.74
788.07 -450.64 405.74
788.08 -450.44 405.75
788.09 -450.23 405.75
788.09 -450.03 405.72
788.09 -449.82 405.72
788.10 -449.61 405.75
788.11 -449.41 405.76
788.11 -449.19 405.75
788.12 -448.97 405.77
788.14 -448.77 405.78
788.14 -448.56 405.76
788.14 -448.36 405.77
788.15 -448.16 405.77
788.16 -447.94 405.76
788.17 -447.72 405.77
788.17 -447.52 405.78
788.17 -447.32 405.86
788.19 -447.11 405.82
788.21 -446.96 405.61
788.23 -446.82 405.46
788.25 -446.67 405.20
788.27 -446.51 405.06
788.29 -446.39 404.80
788.31 -446.21 404.69
788.33 -446.12 404.43
788.34 -445.94 404.33
788.36 -445.83 404.06
788.37 -445.66 403.96
788.39 -445.55 403.75
788.41 -445.41 403.61
788.43 -445.26 403.35
788.44 -445.13 403.20
788.47 -444.98 402.97
788.49 -444.82 402.86
788.51 -444.71 402.61
788.53 -444.53 402.51
788.55 -444.42 402.25
788.57 -444.27 402.11
788.59 -444.14 401.88
788.61 -444.05 401.70
788.63 -443.94 401.52
788.64 -443.78 401.39
788.66 -443.67 401.10
788.67 -443.49 401.01
788.69 -443.38 400.78
788.71 -443.20 400.57
788.73 -443.05 400.43
788.76 -442.92 400.13
788.78 -442.76 400.00
788.80 -442.64 399.75
788.82 -442.47 399.63
788.85 -442.36 399.38
788.86 -442.20 399.25
788.88 -442.07 398.96
788.89 -441.92 398.84
788.91 -441.78 398.63
788.94 -441.60 398.38
788.95 -441.45 398.23
788.98 -441.33 397.94
788.99 -441.15 397.81
789.01 -441.04 397.58
789.03 -440.85 397.37
789.05 -440.68 397.26
789.09 -440.57 396.93
789.10 -440.44 396.79
789.12 -440.29 396.58
789.14 -440.13 396.44
789.16 -440.01 396.19
789.17 -439.84 396.08
789.20 -439.73 395.80
789.21 -439.55 395.71
789.23 -439.44 395.47
789.25 -439.26 395.20
789.27 -439.11 395.06
789.29 -438.98 394.86
789.30 -438.82 394.72
789.33 -438.69 394.45
789.35 -438.52 394.33
789.38 -438.41 394.08
789.39 -438.24 393.97
789.41 -438.15 393.79
789.42 -438.04 393.55
789.44 -437.86 393.44
789.46 -437.75 393.18
789.52 -437.59 392.35
789.62 -437.54 391.09
789.69 -437.49 390.20
789.71 -437.40 389.89
789.72 -437.21 389.82
789.73 -437.00 389.87
789.74 -436.80 389.86
789.75 -436.59 389.84
789.76 -436.37 389.83
789.76 -436.16 389.83
789.77 -435.96 389.87
789.77 -435.75 389.86
789.78 -435.54 389.91
789.79 -435.32 389.90
789.80 -435.11 389.88
789.81 -434.89 389.87
789.82 -434.68 389.83
789.83 -434.46 389.83
789.83 -434.26 389.91
789.85 -434.06 389.86
789.86 -433.86 389.83
789.86 -433.66 389.86
789.87 -433.45 389.87
789.87 -433.24 389.90
789.88 -433.03 389.89
789.88 -432.81 389.87
789.89 -432.60 389.88
789.90 -432.39 389.90
789.91 -432.18 389.90
789.91 -431.96 389.91
789.93 -431.76 389.87
789.93 -431.56 389.90
789.94 -431.36 389.88
789.94 -431.14 389.91
789.94 -430.93 390.04
789.86 -430.78 391.17
789.73 -430.61 393.12
789.65 -430.46 394.17
789.65 -430.26 394.23
789.63 -430.14 394.51
789.62 -430.03 394.78
789.61 -429.92 395.01
789.61 -429.76 395.15
789.60 -429.61 395.45
789.59 -429.51 395.63
789.59 -429.35 395.75
789.57 -429.19 395.96
789.56 -429.02 396.09
789.54 -428.87 396.45
789.53 -428.77 396.66
789.52 -428.64 396.82
789.52 -428.51 396.98
789.51 -428.38 397.15
789.51 -428.24 397.32
789.50 -428.13 397.49
789.50 -428.03 397.69
789.49 -427.92 397.86
789.48 -427.76 397.99
789.47 -427.61 398.24
789.46 -427.50 398.43
789.44 -427.39 398.63
789.43 -427.24 398.77
789.41 -427.14 398.95
789.40 -427.06 399.17
789.39 -426.95 399.35
789.39 -426.81 399.50
789.37 -426.63 399.68
789.37 -426.52 399.90
789.35 -426.41 400.12
789.35 -426.29 400.28
789.35 -426.13 400.40
789.34 -426.00 400.67
789.33 -425.89 400.87
789.32 -425.75 401.03
789.32 -425.60 401.19
789.30 -425.48 401.44
789.29 -425.32 401.58
789.28 -425.24 401.77
789.27 -425.14 401.94
789.27 -425.00 402.09
789.26 -424.85 402.38
789.25 -424.72 402.53
789.24 -424.59 402.70
789.23 -424.48 402.87
789.23 -424.33 403.02
789.21 -424.20 403.32
789.21 -424.08 403.48
789.20 -423.93 403.63
789.20 -423.81 403.80
789.18 -423.67 404.08
789.17 -423.55 404.25
789.16 -423.40 404.40
789.16 -423.27 404.56
789.14 -423.14 404.77
789.13 -422.98 404.91
789.11 -422.83 405.19
789.10 -422.72 405.39
789.09 -422.61 405.61
789.09 -422.42 405.72
789.11 -422.23 405.66
789.12 -422.01 405.65
789.12 -421.79 405.65
789.13 -421.59 405.63
789.14 -421.38 405.65
789.15 -421.17 405.62
789.16 -420.96 405.65
789.16 -420.75 405.67
789.17 -420.55 405.67
789.18 -420.33 405.65
789.18 -420.12 405.64
789.20 -419.92 405.64
789.20 -419.71 405.65
789.21 -419.50 405.65
789.22 -419.30 405.63
789.23 -419.09 405.63
789.23 -418.89 405.63
789.24 -418.67 405.67
789.25 -418.45 405.67
789.27 -418.25 405.64
789.27 -418.04 405.63
789.27 -417.82 405.67
789.27 -417.61 405.64
789.29 -417.40 405.65
789.29 -417.20 405.66
789.30 -417.00 405.64
789.31 -416.80 405.68
789.31 -416.58 405.65
789.32 -416.38 405.60
789.33 -416.20 405.70
789.34 -415.98 405.67
789.34 -415.78 405.64
789.35 -415.57 405.63
789.36 -415.37 405.62
789.36 -415.18 405.68
789.38 -414.97 405.63
789.39 -414.77 405.68
789.39 -414.57 405.62
