787.96 -465.28 398.48
787.99 -465.07 398.52
788.03 -464.86 398.53
788.04 -464.65 398.51
788.06 -464.44 398.50
788.07 -464.24 398.47
788.07 -464.03 398.52
788.08 -463.82 398.50
788.08 -463.62 398.50
788.08 -463.42 398.52
788.09 -463.21 398.51
788.11 -462.99 398.53
788.11 -462.79 398.56
788.11 -462.57 398.52
788.12 -462.38 398.55
788.12 -462.18 398.65
788.13 -461.97 398.65
788.13 -461.75 398.63
788.14 -461.54 398.62
788.15 -461.33 398.69
788.15 -461.12 398.68
788.16 -460.92 398.67
788.18 -460.72 398.60
788.19 -460.50 398.61
788.19 -460.30 398.67
788.19 -460.09 398.67
788.19 -459.91 398.78
788.21 -459.69 398.74
788.22 -459.49 398.69
788.23 -459.27 398.68
788.23 -459.05 398.69
788.24 -458.85 398.75
788.24 -458.64 398.78
788.25 -458.45 398.73
788.25 -458.24 398.76
788.27 -458.03 398.75
788.27 -457.82 398.74
788.27 -457.60 398.77
788.28 -457.38 398.77
788.28 -457.17 398.85
788.28 -456.99 398.94
788.29 -456.79 398.87
788.30 -456.57 398.91
788.32 -456.40 398.74
788.32 -456.20 398.83
788.33 -456.01 398.93
788.33 -455.81 398.92
788.35 -455.63 398.80
788.35 -455.43 398.85
788.35 -455.22 398.90
788.37 -455.00 398.89
788.38 -454.79 398.86
788.38 -454.59 398.90
788.38 -454.39 398.88
788.39 -454.19 398.94
788.40 -454.00 398.87
788.40 -453.80 398.86
788.40 -453.59 398.95
788.41 -453.37 398.98
788.42 -453.15 398.99
788.44 -452.95 398.93
788.44 -452.74 398.93
788.44 -452.54 399.01
788.46 -452.35 398.98
788.47 -452.13 398.98
788.47 -451.91 398.95
788.48 -451.71 398.99
788.49 -451.51 398.99
788.49 -451.29 399.00
788.50 -451.07 399.04
788.51 -450.85 399.03
788.52 -450.65 399.04
788.53 -450.43 398.99
788.54 -450.22 398.87
788.55 -450.13 398.69
788.58 -450.05 398.41
788.60 -449.96 398.19
788.62 -449.87 398.00
788.64 -449.77 397.78
788.66 -449.68 397.56
788.67 -449.59 397.34
788.68 -449.50 397.14
788.71 -449.39 396.96
788.73 -449.32 396.76
788.75 -449.23 396.51
788.78 -449.14 396.26
788.80 -449.05 396.00
788.81 -448.96 395.79
788.82 -448.88 395.60
788.84 -448.78 395.41
788.86 -448.69 395.21
788.98 -448.66 393.63
789.01 -448.58 393.32
788.93 -448.43 394.43
788.95 -448.24 394.33
788.99 -448.15 393.79
789.03 -448.07 393.29
789.05 -447.98 393.08
789.06 -447.77 393.04
789.08 -447.62 392.91
789.17 -447.65 391.65
789.40 -447.69 388.52
789.61 -447.71 385.58
789.74 -447.69 383.89
789.80 -447.62 383.09
789.56 -447.38 386.48
789.28 -447.10 390.42
789.24 -446.98 391.02
789.26 -446.89 390.81
789.41 -446.88 388.80
789.58 -446.89 386.38
789.63 -446.81 385.75
789.67 -446.64 385.28
789.70 -446.55 384.93
789.71 -446.38 384.82
789.70 -446.35 385.07
789.63 -446.20 386.00
789.53 -446.04 387.46
789.46 -445.90 388.31
789.48 -445.79 388.15
789.52 -445.63 387.79
789.55 -445.55 387.56
789.56 -445.44 387.39
789.58 -445.36 387.20
789.60 -445.27 387.00
789.61 -445.18 386.80
789.64 -445.09 386.54
789.66 -445.01 386.28
789.68 -444.92 386.08
789.70 -444.78 385.93
789.74 -444.74 385.41
789.81 -444.68 384.51
789.84 -444.60 384.10
789.83 -444.47 384.26
789.84 -444.30 384.04
789.87 -444.21 383.72
789.89 -444.13 383.50
789.90 -443.91 383.46
789.92 -443.71 383.49
789.92 -443.49 383.48
789.93 -443.28 383.48
789.95 -443.08 383.43
789.95 -442.86 383.41
789.95 -442.65 383.44
789.96 -442.45 383.49
789.96 -442.24 383.47
789.97 -442.02 383.47
789.98 -441.81 383.42
789.98 -441.61 383.47
790.00 -441.40 383.48
790.01 -441.19 383.46
790.02 -440.96 383.45
790.03 -440.75 383.41
790.04 -440.56 383.46
790.03 -440.35 383.58
790.01 -440.23 383.87
789.99 -440.12 384.20
789.97 -440.01 384.44
789.95 -439.90 384.84
789.92 -439.78 385.25
789.90 -439.67 385.56
789.88 -439.56 385.85
789.86 -439.45 386.12
789.86 -439.34 386.39
789.84 -439.23 386.67
789.83 -439.12 386.93
789.81 -439.01 387.18
789.80 -438.89 387.44
789.79 -438.78 387.68
789.78 -438.68 387.94
789.85 -438.61 387.01
790.02 -438.62 384.63
790.16 -438.60 382.68
789.98 -438.29 385.26
789.85 -438.10 387.20
789.90 -438.03 386.48
789.83 -437.90 387.44
789.66 -437.70 389.84
789.59 -437.55 390.90
789.59 -437.37 391.02
789.57 -437.34 391.25
789.55 -437.13 391.50
789.50 -437.00 392.20
789.49 -436.89 392.44
789.48 -436.78 392.71
789.47 -436.66 393.01
789.46 -436.55 393.28
789.44 -436.44 393.56
789.42 -436.33 393.79
789.41 -436.22 394.00
789.40 -436.11 394.22
789.38 -436.00 394.47
789.67 -436.07 390.58
789.91 -436.12 387.33
790.07 -436.11 385.06
790.02 -435.98 385.77
789.57 -435.61 391.98
789.81 -435.64 388.83
790.27 -435.82 382.47
789.84 -435.46 388.52
789.32 -435.05 395.81
789.47 -435.04 393.77
789.99 -435.25 386.67
790.01 -435.16 386.49
789.45 -434.73 394.25
789.14 -434.44 398.52
789.13 -434.33 398.71
789.14 -434.13 398.74
789.15 -433.91 398.71
789.16 -433.71 398.74
789.16 -433.51 398.79
789.17 -433.31 398.82
789.16 -433.12 398.96
789.17 -432.91 398.97
789.18 -432.71 398.93
789.18 -432.49 398.93
789.18 -432.30 398.99
789.19 -432.08 398.97
789.20 -431.90 399.07
789.21 -431.70 399.07
789.22 -431.48 399.05
789.22 -431.28 399.12
789.22 -431.08 399.18
789.22 -430.88 399.14
789.23 -430.67 399.19
789.24 -430.46 399.18
789.23 -430.23 399.26
789.25 -430.03 399.29
789.26 -429.81 399.33
789.26 -429.60 399.38
789.27 -429.40 399.38
789.28 -429.18 399.38
789.28 -428.98 399.36
789.28 -428.78 399.43
789.29 -428.58 399.36
789.29 -428.41 399.48
789.31 -428.20 399.50
789.31 -427.99 399.53
789.32 -427.79 399.59
789.33 -427.57 399.57
789.32 -427.36 399.52
789.32 -427.15 399.58
789.32 -426.96 399.64
789.33 -426.75 399.65
789.34 -426.54 399.70
789.34 -426.35 399.78
789.35 -426.13 399.84
789.35 -425.92 399.84
