972.75 -459.43 402.17
972.77 -459.23 402.14
972.78 -459.03 402.17
972.80 -458.82 402.13
972.81 -458.61 402.14
972.81 -458.40 402.14
972.82 -458.19 402.15
972.83 -457.99 402.10
972.83 -457.78 402.14
972.84 -457.57 402.13
972.85 -457.35 402.12
972.86 -457.13 402.15
972.87 -456.92 402.13
972.87 -456.72 402.12
972.88 -456.51 402.13
972.88 -456.31 402.17
972.89 -456.10 402.15
972.89 -455.90 402.15
972.91 -455.70 402.14
972.92 -455.49 402.15
972.92 -455.28 402.13
972.93 -455.08 402.17
972.94 -454.87 402.17
972.95 -454.66 402.16
972.96 -454.45 402.16
972.96 -454.25 402.14
972.97 -454.04 402.17
972.98 -453.82 402.15
972.99 -453.62 402.16
972.99 -453.41 402.14
973.00 -453.20 402.15
973.01 -452.99 402.16
973.01 -452.78 402.15
973.01 -452.57 402.15
973.03 -452.37 402.20
973.04 -452.17 402.13
973.04 -451.97 402.16
973.05 -451.77 402.11
973.06 -451.56 402.13
973.07 -451.36 402.16
973.07 -451.16 402.11
973.07 -450.96 402.16
973.09 -450.76 402.13
973.10 -450.57 402.21
973.10 -450.38 402.35
973.12 -450.32 402.15
973.11 -450.11 402.12
973.12 -449.94 401.97
973.14 -449.73 401.96
973.13 -449.56 402.11
973.14 -449.36 402.06
973.16 -449.28 401.75
973.20 -449.15 401.42
973.23 -449.01 401.09
973.25 -448.95 400.89
973.27 -448.84 400.71
973.29 -448.75 400.40
973.32 -448.61 400.07
973.34 -448.54 399.87
973.36 -448.47 399.68
973.37 -448.35 399.52
973.40 -448.27 399.21
973.41 -448.17 399.03
973.44 -448.08 398.70
973.46 -447.94 398.55
973.48 -447.86 398.19
973.50 -447.74 398.02
973.53 -447.68 397.64
973.56 -447.54 397.33
973.59 -447.41 397.05
973.62 -447.27 396.74
973.64 -447.20 396.54
973.65 -447.09 396.36
973.68 -447.00 396.04
973.69 -446.87 395.88
973.73 -446.80 395.50
973.74 -446.74 395.26
973.76 -446.65 395.07
973.78 -446.53 394.80
973.80 -446.46 394.60
973.81 -446.39 394.41
973.83 -446.26 394.26
973.86 -446.19 393.95
973.87 -446.06 393.79
973.91 -445.99 393.40
973.93 -445.91 393.22
973.96 -445.79 392.89
973.98 -445.65 392.63
974.08 -445.64 391.19
974.23 -445.66 389.16
974.34 -445.64 387.66
974.40 -445.61 386.88
974.41 -445.44 386.75
974.43 -445.23 386.75
974.43 -445.02 386.72
974.44 -444.81 386.73
974.45 -444.60 386.75
974.46 -444.39 386.71
974.47 -444.18 386.73
974.47 -443.98 386.74
974.48 -443.77 386.75
974.48 -443.57 386.74
974.49 -443.36 386.71
974.50 -443.16 386.73
974.52 -442.95 386.73
974.52 -442.74 386.73
974.52 -442.54 386.78
974.53 -442.33 386.78
974.54 -442.12 386.75
974.55 -441.91 386.73
974.55 -441.71 386.73
974.56 -441.50 386.66
974.36 -441.32 389.41
974.12 -441.10 392.84
974.06 -440.99 393.76
974.06 -440.87 393.93
974.04 -440.82 394.13
974.03 -440.73 394.35
974.01 -440.64 394.57
974.00 -440.56 394.82
973.98 -440.48 395.05
973.97 -440.39 395.27
973.95 -440.30 395.52
973.94 -440.23 395.75
973.93 -440.14 395.94
973.92 -440.06 396.16
973.90 -439.97 396.41
973.89 -439.88 396.64
973.87 -439.81 396.87
973.86 -439.71 397.11
973.85 -439.64 397.34
973.83 -439.56 397.55
973.82 -439.46 397.76
973.80 -439.38 397.99
973.79 -439.30 398.21
973.77 -439.21 398.47
973.76 -439.13 398.73
973.75 -439.05 398.93
973.74 -438.97 399.12
973.73 -438.89 399.32
973.72 -438.80 399.57
973.71 -438.72 399.82
973.69 -438.63 400.05
973.67 -438.54 400.30
973.66 -438.46 400.52
973.64 -438.38 400.76
973.62 -438.30 401.06
973.61 -438.20 401.31
973.59 -438.12 401.59
973.57 -438.02 401.99
973.55 -437.93 402.29
973.56 -437.73 402.35
973.56 -437.54 402.43
973.55 -437.35 402.51
973.56 -437.14 402.51
973.57 -436.95 402.47
973.56 -436.75 402.52
973.57 -436.55 402.49
973.58 -436.34 402.52
973.59 -436.14 402.47
973.60 -435.94 402.48
973.61 -435.73 402.48
973.62 -435.53 402.47
973.63 -435.32 402.47
973.64 -435.11 402.45
973.65 -434.90 402.44
973.64 -434.69 402.44
973.65 -434.48 402.46
973.67 -434.28 402.46
973.69 -434.07 402.45
973.69 -433.86 402.47
973.70 -433.66 402.42
973.71 -433.45 402.45
973.71 -433.25 402.42
973.71 -433.04 402.40
973.72 -432.83 402.42
973.72 -432.63 402.39
973.73 -432.43 402.45
973.74 -432.22 402.40
973.75 -432.02 402.41
973.76 -431.81 402.39
973.77 -431.60 402.41
973.77 -431.38 402.39
973.78 -431.17 402.38
973.79 -430.96 402.37
973.80 -430.76 402.33
973.81 -430.54 402.35
973.82 -430.33 402.37
973.83 -430.12 402.36
973.84 -429.92 402.33
