629.00 -463.75 408.37
629.04 -463.54 408.31
629.04 -463.32 408.30
629.06 -463.11 408.31
629.08 -462.91 408.30
629.09 -462.70 408.33
629.10 -462.48 408.35
629.10 -462.27 408.35
629.11 -462.06 408.36
629.12 -461.86 408.35
629.13 -461.64 408.36
629.13 -461.43 408.37
629.14 -461.22 408.39
629.15 -461.02 408.36
629.15 -460.82 408.37
629.15 -460.61 408.39
629.16 -460.41 408.36
629.16 -460.19 408.39
629.17 -459.99 408.40
629.18 -459.77 408.42
629.20 -459.55 408.45
629.19 -459.36 408.40
629.20 -459.16 408.44
629.22 -458.96 408.47
629.23 -458.74 408.44
629.23 -458.54 408.40
629.24 -458.34 408.45
629.25 -458.12 408.44
629.25 -457.91 408.43
629.25 -457.68 408.44
629.26 -457.47 408.46
629.27 -457.25 408.45
629.27 -457.05 408.44
629.28 -456.85 408.50
629.29 -456.63 408.49
629.30 -456.43 408.50
629.30 -456.21 408.47
629.31 -456.01 408.50
629.31 -455.81 408.57
629.33 -455.59 408.52
629.34 -455.39 408.51
629.34 -455.18 408.52
629.35 -454.98 408.53
629.36 -454.76 408.50
629.37 -454.55 408.50
629.37 -454.34 408.48
629.37 -454.14 408.53
629.37 -453.93 408.53
629.39 -453.70 408.54
629.40 -453.49 408.56
629.41 -453.27 408.55
629.42 -453.06 408.57
629.43 -452.84 408.60
629.43 -452.64 408.53
629.45 -452.44 408.51
629.44 -452.24 408.54
629.46 -452.03 408.52
629.46 -451.83 408.52
629.47 -451.62 408.46
629.48 -451.40 408.47
629.48 -451.19 408.46
629.50 -450.99 408.41
629.51 -450.88 408.24
629.53 -450.85 408.01
629.55 -450.76 407.77
629.58 -450.67 407.53
629.60 -450.59 407.31
629.61 -450.50 407.09
629.63 -450.40 406.86
629.65 -450.32 406.62
629.67 -450.23 406.37
629.70 -450.14 406.14
629.72 -450.05 405.91
629.75 -449.96 405.68
629.77 -449.86 405.44
629.79 -449.77 405.23
629.81 -449.68 405.02
629.83 -449.59 404.80
629.85 -449.51 404.57
629.87 -449.42 404.32
629.89 -449.33 404.10
629.90 -449.25 403.89
629.92 -449.16 403.68
629.94 -449.06 403.45
629.96 -448.97 403.22
629.98 -448.89 403.02
629.99 -448.80 402.83
630.00 -448.71 402.64
630.03 -448.61 402.43
630.05 -448.52 402.18
630.07 -448.43 401.97
630.08 -448.34 401.77
630.10 -448.25 401.55
630.12 -448.16 401.30
630.14 -448.07 401.08
630.16 -447.97 400.88
630.18 -447.89 400.67
630.21 -447.80 400.44
630.23 -447.71 400.21
630.25 -447.62 400.00
630.27 -447.53 399.80
630.28 -447.44 399.52
630.40 -447.41 397.93
630.59 -447.42 395.41
630.73 -447.40 393.45
630.81 -447.35 392.43
630.83 -447.27 392.16
630.84 -447.07 392.13
630.85 -446.87 392.10
630.85 -446.67 392.13
630.86 -446.45 392.15
630.88 -446.23 392.14
630.88 -446.03 392.14
630.89 -445.81 392.16
630.90 -445.60 392.15
630.90 -445.40 392.13
630.91 -445.19 392.14
630.91 -444.98 392.14
630.92 -444.78 392.20
630.93 -444.58 392.14
630.93 -444.38 392.11
630.94 -444.16 392.15
630.95 -443.95 392.15
630.96 -443.75 392.16
630.97 -443.55 392.14
630.98 -443.33 392.16
630.99 -443.12 392.15
631.00 -442.90 392.14
631.00 -442.69 392.16
631.01 -442.49 392.19
631.01 -442.28 392.19
631.02 -442.06 392.16
631.03 -441.86 392.17
631.03 -441.65 392.17
631.05 -441.42 392.19
631.06 -441.20 392.18
631.06 -441.00 392.19
631.06 -440.78 392.17
631.07 -440.56 392.19
631.08 -440.36 392.19
631.08 -440.14 392.19
631.09 -439.94 392.22
631.10 -439.73 392.24
631.11 -439.53 392.22
631.12 -439.31 392.19
631.13 -439.11 392.23
631.13 -438.89 392.26
631.06 -438.67 393.47
630.88 -438.46 395.98
630.77 -438.29 397.52
630.75 -438.18 397.84
630.73 -438.06 398.13
630.71 -437.95 398.44
630.69 -437.83 398.78
630.67 -437.72 399.11
630.65 -437.61 399.40
630.63 -437.50 399.68
630.61 -437.38 400.02
630.59 -437.27 400.36
630.57 -437.16 400.68
630.55 -437.05 400.97
630.54 -436.93 401.28
630.53 -436.82 401.59
630.51 -436.72 401.87
630.50 -436.61 402.18
630.47 -436.49 402.49
630.45 -436.38 402.81
630.42 -436.26 403.14
630.40 -436.14 403.48
630.38 -436.03 403.79
630.37 -435.92 404.08
630.35 -435.81 404.37
630.33 -435.69 404.69
630.31 -435.58 405.04
630.29 -435.46 405.38
630.26 -435.35 405.72
630.24 -435.24 406.05
630.21 -435.12 406.37
630.20 -435.01 406.65
630.19 -434.90 406.93
630.16 -434.79 407.31
630.14 -434.67 407.75
630.13 -434.55 408.00
630.13 -434.35 407.99
630.14 -434.14 407.97
630.15 -433.94 407.98
630.16 -433.76 408.07
630.16 -433.55 408.03
630.16 -433.34 408.04
630.18 -433.13 408.03
630.19 -432.91 408.02
630.20 -432.70 408.04
630.21 -432.50 408.03
630.22 -432.28 407.99
630.23 -432.06 407.99
630.23 -431.86 408.02
630.23 -431.66 407.98
630.24 -431.45 408.03
630.25 -431.25 408.01
630.25 -431.04 408.00
630.26 -430.83 407.99
630.27 -430.62 407.98
630.28 -430.40 407.97
630.28 -430.20 407.98
630.29 -430.00 407.99
630.29 -429.78 407.99
630.31 -429.57 408.00
630.32 -429.36 408.00
630.33 -429.15 408.01
630.34 -428.93 407.97
630.35 -428.72 407.98
630.36 -428.50 408.00
630.36 -428.28 407.97
630.36 -428.06 407.99
630.37 -427.86 408.00
630.38 -427.65 408.00
630.39 -427.45 407.97
630.39 -427.24 407.96
630.40 -427.04 408.01
630.41 -426.83 407.97
630.41 -426.63 407.97
630.42 -426.43 408.00
630.43 -426.23 407.97
630.44 -426.03 408.00
630.45 -425.82 407.98
630.45 -425.61 407.96
630.46 -425.40 408.00
630.48 -425.19 407.96
630.48 -424.98 407.95
630.49 -424.76 407.96
630.50 -424.56 407.94
630.51 -424.36 407.88
