825.63 -394.77 426.98
825.64 -394.55 426.93
825.64 -394.34 426.94
825.64 -394.14 426.94
825.66 -393.93 426.95
825.67 -393.71 426.96
825.68 -393.50 426.97
825.69 -393.30 426.99
825.70 -393.09 426.96
825.71 -392.88 426.98
825.73 -392.65 426.95
825.74 -392.44 426.99
825.75 -392.24 426.95
825.76 -392.04 426.94
825.77 -391.81 426.95
825.80 -391.61 426.91
825.80 -391.41 426.96
825.81 -391.21 426.94
825.83 -391.01 426.91
825.83 -390.81 426.95
825.84 -390.59 426.96
825.86 -390.38 426.98
825.87 -390.17 426.96
825.88 -389.95 426.96
825.89 -389.74 426.93
825.90 -389.52 426.95
825.91 -389.31 426.97
825.93 -389.09 426.96
825.94 -388.88 426.95
825.95 -388.67 426.96
825.96 -388.46 426.94
825.98 -388.25 426.95
826.00 -388.04 426.93
826.00 -387.84 426.93
826.01 -387.64 426.97
826.02 -387.44 426.96
826.04 -387.22 426.96
826.05 -387.02 426.94
826.06 -386.80 426.94
826.08 -386.59 426.91
826.08 -386.38 426.94
826.10 -386.18 426.86
826.11 -385.99 426.78
826.13 -385.80 426.68
826.15 -385.62 426.57
826.18 -385.45 426.32
826.20 -385.28 426.21
826.22 -385.11 426.01
826.24 -384.88 425.84
826.26 -384.70 425.74
826.29 -384.54 425.54
826.31 -384.34 425.46
826.33 -384.19 425.26
826.34 -384.02 425.16
826.37 -383.85 424.92
826.38 -383.66 424.83
826.40 -383.50 424.67
826.42 -383.31 424.58
826.45 -383.16 424.35
826.46 -382.99 424.23
826.48 -382.83 424.05
826.50 -382.63 423.96
826.52 -382.48 423.74
826.54 -382.30 423.65
826.56 -382.13 423.44
826.58 -381.94 423.37
826.61 -381.79 423.21
826.63 -381.60 423.12
826.65 -381.45 422.87
826.66 -381.28 422.76
826.69 -381.10 422.57
826.70 -380.93 422.46
826.72 -380.76 422.22
826.74 -380.59 422.11
826.77 -380.42 421.92
826.79 -380.28 421.76
826.81 -380.16 421.52
826.84 -380.03 421.33
826.85 -379.84 421.24
826.88 -379.68 421.02
826.88 -379.51 420.92
826.90 -379.36 420.78
826.92 -379.31 420.56
826.94 -379.15 420.43
826.97 -378.96 420.22
826.99 -378.79 420.10
827.01 -378.68 419.93
827.04 -378.49 419.71
827.05 -378.32 419.61
827.07 -378.15 419.43
827.10 -377.93 419.23
827.12 -377.81 419.07
827.13 -377.65 418.95
827.16 -377.45 418.76
827.18 -377.27 418.66
827.20 -377.13 418.51
827.22 -376.97 418.25
827.23 -376.79 418.17
827.26 -376.64 417.95
827.27 -376.44 417.87
827.29 -376.30 417.68
827.31 -376.11 417.61
827.34 -375.95 417.35
827.35 -375.78 417.24
827.38 -375.60 416.97
827.40 -375.43 416.86
827.42 -375.30 416.71
827.45 -375.13 416.49
827.47 -374.95 416.39
827.50 -374.77 416.12
827.53 -374.55 415.94
827.54 -374.38 415.84
827.57 -374.19 415.51
827.59 -374.02 415.41
827.61 -373.85 415.22
827.63 -373.67 415.11
827.66 -373.50 414.87
827.67 -373.31 414.80
827.69 -373.16 414.60
827.71 -373.03 414.45
827.73 -372.91 414.26
827.75 -372.69 414.15
827.76 -372.56 413.99
827.78 -372.41 413.87
827.81 -372.23 413.70
827.83 -372.05 413.60
827.85 -371.88 413.35
827.88 -371.73 412.99
827.94 -371.54 412.42
827.91 -371.41 412.86
827.93 -371.23 412.77
827.99 -371.08 412.01
828.01 -370.90 411.89
827.98 -370.93 412.35
828.00 -370.71 412.19
828.02 -370.51 412.13
828.05 -370.36 411.88
828.06 -370.18 411.77
828.09 -370.01 411.52
828.10 -369.81 411.44
828.12 -369.66 411.21
828.13 -369.48 411.14
828.16 -369.30 410.80
828.18 -369.15 410.67
828.20 -368.99 410.55
828.24 -368.83 410.28
828.25 -368.67 410.16
828.28 -368.48 409.94
828.30 -368.31 409.84
828.32 -368.13 409.63
828.34 -367.96 409.52
828.48 -367.57 407.82
828.88 -366.76 402.83
829.15 -366.18 399.47
829.11 -366.18 400.09
829.06 -366.19 400.88
829.01 -366.19 401.62
828.95 -366.19 402.31
828.89 -366.20 403.05
828.84 -366.21 403.85
828.76 -366.24 404.74
828.71 -366.25 405.56
828.65 -366.27 406.41
828.59 -366.30 407.30
828.54 -366.31 408.06
828.49 -366.31 408.78
828.43 -366.32 409.60
828.37 -366.35 410.48
828.31 -366.37 411.31
828.25 -366.38 412.06
828.20 -366.38 412.79
828.14 -366.39 413.57
828.08 -366.41 414.41
828.02 -366.43 415.21
827.97 -366.45 416.09
827.90 -366.47 416.97
827.84 -366.49 417.78
827.79 -366.50 418.57
827.73 -366.52 419.43
827.66 -366.55 420.37
827.59 -366.57 421.21
827.53 -366.59 422.02
827.47 -366.61 422.85
827.41 -366.63 423.67
827.35 -366.64 424.48
827.29 -366.66 425.30
827.23 -366.68 426.17
827.18 -366.68 426.87
827.14 -366.67 427.49
827.08 -366.69 428.37
827.01 -366.74 429.37
826.95 -366.75 430.22
826.90 -366.76 430.96
826.85 -366.75 431.64
826.79 -366.77 432.41
826.73 -366.79 433.25
826.67 -366.80 434.06
826.62 -366.82 434.86
826.55 -366.86 435.81
826.48 -366.88 436.68
826.43 -366.89 437.46
826.38 -366.90 438.25
826.32 -366.91 439.02
826.27 -366.92 439.80
826.22 -366.93 440.56
826.17 -366.93 441.31
826.11 -366.94 442.03
826.08 -366.90 442.51
826.07 -366.74 442.64
826.08 -366.52 442.67
826.10 -366.30 442.67
826.12 -366.08 442.65
826.13 -365.87 442.66
826.13 -365.67 442.66
826.14 -365.46 442.67
826.15 -365.25 442.70
826.16 -365.06 442.75
826.18 -364.85 442.71
826.19 -364.64 442.72
826.20 -364.44 442.69
826.20 -364.24 442.71
826.22 -364.03 442.72
826.23 -363.81 442.73
826.25 -363.61 442.78
826.26 -363.42 442.70
826.26 -363.21 442.74
826.27 -362.99 442.75
826.29 -362.79 442.74
826.30 -362.57 442.77
826.32 -362.37 442.76
826.33 -362.17 442.78
826.34 -361.95 442.77
826.35 -361.74 442.75
826.35 -361.54 442.78
826.37 -361.32 442.73
826.39 -361.10 442.73
826.40 -360.90 442.72
826.41 -360.69 442.70
826.42 -360.48 442.73
826.42 -360.28 442.73
826.43 -360.06 442.78
826.45 -359.84 442.79
826.47 -359.64 442.77
826.48 -359.42 442.78
826.49 -359.21 442.75
826.49 -358.99 442.79
826.50 -358.79 442.80
826.52 -358.58 442.79
826.53 -358.38 442.80
826.54 -358.17 442.85
826.55 -357.97 442.82
826.56 -357.76 442.80
826.57 -357.55 442.83
826.59 -357.35 442.81
