0.00 0.00 0.00
0.04 0.19 -0.05
0.01 0.37 -0.21
-0.01 0.58 -0.22
-0.02 0.71 -0.61
-0.01 0.92 -0.62
0.00 1.01 -0.90
0.02 1.23 -0.92
0.02 1.35 -1.24
0.02 1.55 -1.24
0.02 1.69 -1.65
0.03 1.89 -1.65
0.03 2.01 -1.98
0.04 2.21 -1.98
0.04 2.33 -2.30
0.05 2.54 -2.30
0.05 2.65 -2.63
0.06 2.85 -2.64
0.06 2.98 -3.04
0.06 3.18 -3.05
0.07 3.30 -3.36
0.07 3.51 -3.38
0.08 3.64 -3.74
0.08 3.86 -3.74
0.09 3.95 -4.10
0.11 4.17 -4.08
0.11 4.26 -4.39
0.10 4.47 -4.40
0.10 4.60 -4.77
0.11 4.80 -4.78
0.11 4.93 -5.13
0.11 5.14 -5.14
0.12 5.27 -5.47
0.13 5.47 -5.45
0.13 5.57 -5.81
0.13 5.78 -5.82
0.14 5.88 -6.16
0.15 6.09 -6.17
0.14 6.21 -6.48
0.15 6.42 -6.48
0.16 6.55 -6.83
0.15 6.75 -6.85
0.16 6.88 -7.18
0.17 7.10 -7.18
0.17 7.20 -7.52
0.17 7.41 -7.53
0.17 7.55 -7.89
0.19 7.76 -7.89
0.20 7.85 -8.20
0.20 8.05 -8.22
0.19 8.19 -8.59
0.20 8.39 -8.59
0.21 8.48 -8.89
0.21 8.69 -8.90
0.21 8.82 -9.22
0.22 9.03 -9.23
0.22 9.15 -9.55
0.23 9.37 -9.55
0.23 9.48 -9.89
0.24 9.68 -9.90
0.25 9.78 -10.24
0.24 9.99 -10.26
0.24 10.12 -10.58
0.25 10.32 -10.59
0.25 10.46 -10.94
0.26 10.67 -10.93
0.26 10.78 -11.26
0.26 10.98 -11.27
0.27 11.11 -11.63
0.29 11.32 -11.63
0.29 11.41 -11.97
0.30 11.61 -11.99
0.28 11.75 -12.33
0.29 11.97 -12.34
0.29 12.08 -12.66
0.30 12.29 -12.67
0.30 12.41 -13.00
0.31 12.62 -13.00
0.31 12.73 -13.35
0.33 12.94 -13.33
0.32 13.05 -13.67
0.34 13.26 -13.68
0.33 13.38 -14.05
0.33 13.59 -14.06
0.33 13.70 -14.39
0.34 13.91 -14.40
0.34 14.03 -14.76
0.36 14.24 -14.75
0.37 14.33 -15.06
0.37 14.55 -15.08
0.37 14.67 -15.45
0.36 14.88 -15.47
0.36 15.01 -15.95
0.38 15.22 -15.95
0.39 15.30 -16.67
0.38 15.51 -16.70
0.38 15.65 -16.86
0.39 15.85 -16.85
0.40 15.96 -16.56
0.40 16.17 -16.57
0.40 16.33 -16.25
0.40 16.53 -16.25
0.41 16.66 -15.91
0.41 16.87 -15.91
0.42 16.99 -15.56
0.42 17.19 -15.56
0.44 17.30 -15.26
0.45 17.51 -15.26
0.45 17.63 -14.94
0.44 17.84 -14.96
0.43 18.00 -14.60
0.45 18.22 -14.60
0.46 18.32 -14.26
0.46 18.53 -14.26
0.46 18.67 -13.93
0.48 18.87 -13.93
0.49 18.97 -13.65
0.48 19.18 -13.67
0.49 19.32 -13.32
0.50 19.53 -13.33
0.49 19.66 -12.99
0.50 19.86 -12.99
0.50 19.99 -12.67
0.50 20.20 -12.69
0.50 20.34 -12.34
0.51 20.56 -12.34
0.51 20.67 -12.03
0.53 20.88 -12.04
0.53 21.00 -11.71
0.53 21.21 -11.72
0.54 21.34 -11.40
0.54 21.54 -11.41
0.55 21.67 -11.07
0.55 21.88 -11.07
0.55 22.00 -10.72
0.56 22.20 -10.72
0.56 22.33 -10.40
0.56 22.54 -10.43
0.57 22.67 -10.09
0.57 22.88 -10.08
0.58 23.01 -9.78
0.58 23.22 -9.79
0.59 23.34 -9.43
0.61 23.54 -9.42
0.61 23.66 -9.13
0.61 23.87 -9.15
0.61 24.00 -8.76
0.62 24.21 -8.77
0.63 24.33 -8.45
0.62 24.54 -8.46
0.63 24.69 -8.14
0.63 24.89 -8.16
0.63 25.00 -7.79
0.64 25.21 -7.80
0.64 25.34 -7.50
0.64 25.55 -7.51
0.65 25.69 -7.18
0.65 25.89 -7.18
0.65 26.02 -6.83
0.66 26.24 -6.82
0.67 26.37 -6.51
0.68 26.57 -6.50
0.69 26.68 -6.19
0.69 26.88 -6.20
0.69 27.01 -5.92
0.69 27.21 -5.93
0.70 27.34 -5.55
0.70 27.55 -5.57
0.70 27.69 -5.28
0.70 27.90 -5.29
0.71 28.03 -4.98
0.72 28.24 -4.98
0.73 28.35 -4.64
0.74 28.55 -4.63
0.74 28.67 -4.33
0.75 28.88 -4.34
0.75 29.01 -4.00
0.74 29.21 -4.01
0.75 29.35 -3.69
0.75 29.56 -3.71
0.75 29.69 -3.33
0.38 15.42 -16.57
