-3.09 0.08 -0.00
-8.65 0.42 -0.05
-3.14 0.45 -0.21
0.91 0.56 -0.22
3.04 0.63 -0.61
2.33 0.86 -0.62
1.12 0.98 -0.90
-1.14 1.26 -0.92
-0.63 1.37 -1.24
0.20 1.55 -1.24
0.79 1.67 -1.65
0.03 1.89 -1.65
0.54 2.00 -1.98
-0.22 2.22 -1.98
0.29 2.32 -2.30
-0.43 2.55 -2.30
0.03 2.65 -2.63
-0.72 2.87 -2.64
-0.17 2.99 -3.04
0.66 3.16 -3.05
-0.42 3.31 -3.36
0.45 3.50 -3.38
-0.59 3.66 -3.74
0.32 3.85 -3.74
-0.88 3.98 -4.10
-3.14 4.25 -4.08
-2.76 4.33 -4.39
-0.30 4.48 -4.40
0.25 4.60 -4.77
-0.51 4.82 -4.78
0.04 4.93 -5.13
0.91 5.12 -5.14
-0.13 5.28 -5.47
-0.89 5.50 -5.45
-0.46 5.59 -5.81
0.41 5.77 -5.82
-0.76 5.90 -6.16
-1.47 6.13 -6.17
0.62 6.20 -6.48
-0.09 6.43 -6.48
-1.13 6.58 -6.83
1.29 6.72 -6.85
0.25 6.88 -7.18
-0.43 7.12 -7.18
-0.00 7.20 -7.52
0.87 7.39 -7.53
1.46 7.52 -7.89
-0.85 7.79 -7.89
-2.05 7.91 -8.20
-1.22 8.09 -8.22
0.96 8.17 -8.59
0.20 8.39 -8.59
-1.01 8.51 -8.89
-0.13 8.70 -8.90
0.41 8.81 -9.22
-0.30 9.04 -9.23
0.20 9.15 -9.55
-0.47 9.39 -9.55
-0.01 9.49 -9.89
-0.76 9.71 -9.90
-1.93 9.84 -10.24
0.53 9.98 -10.26
1.08 10.10 -10.58
0.32 10.32 -10.59
0.91 10.44 -10.94
0.20 10.67 -10.93
0.66 10.77 -11.26
1.49 10.95 -11.27
0.46 11.11 -11.63
-1.85 11.38 -11.63
-1.47 11.46 -11.97
-2.22 11.68 -11.99
1.54 11.72 -12.33
0.87 11.95 -12.34
1.33 12.05 -12.66
0.62 12.28 -12.67
1.12 12.39 -13.00
0.41 12.62 -13.00
0.87 12.72 -13.35
-1.43 12.99 -13.33
0.62 13.04 -13.67
-1.68 13.31 -13.68
0.41 13.38 -14.05
1.29 13.57 -14.06
1.75 13.66 -14.39
1.04 13.89 -14.40
1.54 14.00 -14.76
-0.76 14.27 -14.75
-1.97 14.39 -15.06
-1.05 14.59 -15.08
-0.55 14.69 -15.45
1.91 14.84 -15.47
2.47 14.96 -15.95
0.16 15.23 -15.95
-1.07 15.34 -16.67
1.38 15.48 -16.70
1.97 15.61 -16.86
1.21 15.83 -16.85
0.08 15.97 -16.56
0.95 16.16 -16.57
1.60 16.30 -16.25
2.43 16.48 -16.25
1.38 16.63 -15.91
2.25 16.82 -15.91
1.15 16.97 -15.56
1.98 17.15 -15.56
-0.74 17.33 -15.26
-1.46 17.56 -15.26
-0.97 17.67 -14.94
1.49 17.81 -14.96
3.74 17.91 -14.60
1.48 18.19 -14.60
0.30 18.32 -14.26
1.17 18.51 -14.26
1.74 18.64 -13.93
-0.60 18.90 -13.93
-1.78 19.03 -13.65
0.68 19.17 -13.67
-0.34 19.34 -13.32
-1.05 19.57 -13.33
1.07 19.64 -12.99
0.31 19.86 -12.99
0.84 19.98 -12.67
1.72 20.17 -12.69
2.29 20.29 -12.34
1.61 20.53 -12.34
2.06 20.63 -12.03
-0.24 20.90 -12.04
0.25 21.01 -11.71
1.12 21.19 -11.72
0.07 21.35 -11.40
0.90 21.53 -11.41
-0.16 21.69 -11.07
0.72 21.88 -11.07
1.21 21.98 -10.72
0.45 22.20 -10.72
0.98 22.32 -10.40
1.85 22.51 -10.43
0.80 22.66 -10.09
1.67 22.85 -10.08
0.62 23.01 -9.78
1.49 23.20 -9.79
0.39 23.35 -9.43
-1.95 23.61 -9.42
-1.46 23.71 -9.13
-0.59 23.90 -9.15
-0.06 24.02 -8.76
-0.78 24.25 -8.77
-1.87 24.40 -8.45
0.59 24.54 -8.46
-0.38 24.72 -8.14
0.45 24.89 -8.16
0.89 24.99 -7.79
0.18 25.22 -7.80
0.71 25.34 -7.50
1.58 25.53 -7.51
0.57 25.69 -7.18
1.40 25.87 -7.18
1.93 25.99 -6.83
1.26 26.22 -6.82
0.20 26.38 -6.51
-0.55 26.60 -6.50
-1.69 26.74 -6.19
-0.86 26.92 -6.20
-0.33 27.04 -5.92
0.50 27.21 -5.93
-0.55 27.37 -5.55
0.32 27.56 -5.57
0.89 27.68 -5.28
1.76 27.87 -5.29
0.71 28.03 -4.98
-0.01 28.26 -4.98
-1.14 28.40 -4.64
-1.90 28.62 -4.63
-1.41 28.73 -4.33
-2.12 28.95 -4.34
-1.59 29.07 -4.00
0.82 29.21 -4.01
-0.19 29.37 -3.69
0.68 29.56 -3.71
1.21 29.68 -3.33
1.01 15.40 -16.57
